147.890625
160.515625
150.203125
149.015625
152.5
148.703125
152.453125
159.578125
149.03125
161.34375
148.578125
152.390625
155.484375
152.734375
148.484375
156.859375
150.765625
155.21875
150.625
153.984375
147.890625
147.03125
154.34375
147.921875
183.578125
149.5
146.828125
153.171875
146.703125
150.546875
150.171875
151.21875
152.390625
150.3125
147.703125
148.03125
154.203125
162.671875
146.375
152.453125
147.21875
146.4375
154.46875
148.296875
146.375
154.578125
148.765625
151.203125
156.359375
150.03125
147.21875
151.171875
148.796875
147.671875
154.640625
150.625
148.828125
152.796875
148.265625
154.5625
152.609375
155.671875
151.203125
147.578125
152.765625
151.453125
155.46875
148.1875
148.75
210.453125
148.265625
152.953125
148.328125
155.328125
146.8125
152.96875
148.40625
155.421875
149.25
150.71875
156.34375
149.265625
152.78125
152.234375
152.671875
147.53125
147.78125
152.015625
148.1875
157.921875
148.9375
147.78125
154.5625
148.4375
148.09375
161.953125
152.703125
149.5625
152.5625
151.546875
