166.328125
161.546875
168.5625
158.984375
161.421875
157.46875
162.578125
163.0
160.734375
159.296875
162.859375
159.953125
164.75
159.96875
162.1875
163.328125
158.515625
169.84375
160.09375
163.828125
159.328125
163.84375
158.78125
163.859375
159.78125
162.96875
160.0625
162.328125
160.5
164.578125
162.40625
162.234375
160.21875
161.953125
159.953125
164.5625
158.921875
204.84375
172.21875
162.8125
159.53125
166.078125
170.796875
165.296875
159.09375
164.921875
161.34375
163.265625
157.03125
165.25
161.984375
162.515625
163.046875
321.015625
291.015625
280.375
154.03125
154.140625
154.96875
164.921875
155.328125
155.9375
157.296875
154.46875
154.546875
157.015625
155.328125
154.03125
158.71875
153.984375
155.265625
157.796875
154.65625
154.265625
154.0625
154.21875
156.28125
154.5625
154.03125
153.890625
154.28125
154.453125
163.40625
157.390625
154.1875
154.828125
154.984375
154.5
157.25
155.3125
155.171875
155.4375
155.328125
156.484375
159.515625
155.71875
155.59375
155.46875
155.28125
156.03125
