142.671875
144.109375
153.359375
166.765625
191.4375
150.984375
145.296875
146.203125
160.296875
199.546875
143.71875
148.9375
148.109375
151.75
157.828125
154.265625
153.4375
151.296875
156.484375
150.734375
150.203125
153.9375
150.390625
154.34375
149.1875
158.03125
149.328125
154.5625
172.984375
153.59375
143.796875
161.765625
158.625
150.5
149.9375
154.4375
151.453125
160.453125
152.8125
158.0625
151.375
148.53125
157.5625
154.8125
149.5
153.5625
151.03125
154.515625
149.8125
148.71875
163.78125
151.703125
152.4375
154.140625
158.78125
158.640625
158.84375
148.421875
148.015625
157.09375
150.671875
154.78125
149.28125
202.71875
155.953125
149.984375
156.71875
149.75
158.1875
149.375
153.578125
152.171875
153.0
154.265625
149.28125
158.84375
151.875
160.984375
154.125
151.703125
152.78125
149.21875
149.421875
155.828125
153.640625
158.046875
148.515625
159.421875
148.96875
151.90625
159.5
153.296875
154.15625
158.75
149.1875
155.375
152.328125
147.625
171.78125
144.84375
