0.1875
0.15625
0.171875
0.171875
0.171875
0.1875
0.171875
0.171875
0.171875
0.171875
0.171875
0.1875
0.171875
0.203125
0.203125
0.234375
0.203125
0.203125
0.203125
0.1875
0.171875
0.171875
0.171875
0.171875
0.15625
0.171875
0.171875
0.171875
0.171875
0.1875
0.171875
0.171875
0.171875
0.1875
0.171875
0.171875
0.171875
0.171875
0.171875
0.171875
0.171875
0.171875
0.1875
0.171875
0.171875
0.171875
0.171875
0.171875
0.171875
0.171875
0.171875
0.171875
0.171875
0.15625
0.171875
0.171875
0.171875
0.171875
0.171875
0.15625
0.171875
0.171875
0.171875
0.171875
0.15625
0.15625
0.171875
0.171875
0.171875
0.171875
0.171875
0.171875
0.15625
0.171875
0.171875
0.15625
0.171875
0.171875
0.171875
0.15625
0.171875
0.171875
0.15625
0.15625
0.1875
0.171875
0.171875
0.171875
0.171875
0.171875
0.171875
0.171875
0.171875
0.1875
0.171875
0.171875
0.171875
0.171875
0.171875
0.171875
