0.078125
0.0625
0.046875
0.0625
0.046875
0.0625
0.046875
0.0625
0.0625
0.0625
0.0625
0.046875
0.0625
0.0625
0.046875
0.0625
0.046875
0.0625
0.0625
0.046875
0.0625
0.0625
0.046875
0.0625
0.0625
0.046875
0.046875
0.0625
0.046875
0.0625
0.0625
0.046875
0.0625
0.0625
0.046875
0.046875
0.0625
0.046875
0.0625
0.046875
0.046875
0.0625
0.046875
0.0625
0.0625
0.046875
0.0625
0.046875
0.046875
0.0625
0.046875
0.0625
0.046875
0.046875
0.0625
0.0625
0.046875
0.046875
0.0625
0.0625
0.0625
0.046875
0.0625
0.0625
0.046875
0.0625
0.0625
0.046875
0.0625
0.0625
0.046875
0.0625
0.0625
0.046875
0.046875
0.0625
0.046875
0.046875
0.0625
0.0625
0.0625
0.0625
0.046875
0.0625
0.0625
0.0625
0.046875
0.046875
0.0625
0.0625
0.0625
0.046875
0.0625
0.046875
0.046875
0.0625
0.046875
0.078125
0.0625
0.0625
