0.09375
0.09375
0.078125
0.09375
0.078125
0.09375
0.09375
0.078125
0.078125
0.078125
0.078125
0.078125
0.078125
0.09375
0.078125
0.09375
0.078125
0.078125
0.09375
0.078125
0.09375
0.078125
0.09375
0.078125
0.109375
0.078125
0.078125
0.078125
0.09375
0.09375
0.078125
0.078125
0.09375
0.078125
0.078125
0.078125
0.078125
0.09375
0.078125
0.078125
0.09375
0.078125
0.078125
0.09375
0.078125
0.09375
0.078125
0.09375
0.078125
0.078125
0.078125
0.09375
0.09375
0.078125
0.09375
0.078125
0.09375
0.078125
0.09375
0.078125
0.078125
0.09375
0.078125
0.078125
0.078125
0.078125
0.078125
0.09375
0.078125
0.09375
0.078125
0.09375
0.078125
0.09375
0.078125
0.09375
0.078125
0.09375
0.078125
0.09375
0.078125
0.09375
0.078125
0.09375
0.078125
0.078125
0.078125
0.09375
0.078125
0.078125
0.078125
0.078125
0.09375
0.078125
0.078125
0.078125
0.078125
0.09375
0.078125
0.09375
